100 100 100 100 100 100 100 100 100 100 100 100 100 100 100 100 100 100 100 100 
100 99 99 99 98 98 98 98 98 98 98 98 98 98 98 98 99 99 99 100 
100 99 98 98 97 97 96 96 96 96 96 96 96 96 97 97 98 98 99 100 
100 99 98 97 96 95 95 94 94 94 94 94 94 95 95 96 97 98 99 100 
100 98 97 96 95 94 93 92 92 92 92 92 92 93 94 95 96 97 98 100 
100 98 96 95 93 92 91 90 90 89 89 90 90 91 92 93 95 96 98 100 
100 97 95 93 92 90 89 88 87 87 87 87 88 89 90 92 93 95 97 100 
100 97 94 92 90 88 86 85 84 84 84 84 85 86 88 90 92 94 97 100 
100 96 93 90 87 85 83 82 81 81 81 81 82 83 85 87 90 93 96 100 
100 96 92 88 85 82 80 78 77 77 77 77 78 80 82 85 88 92 96 100 
100 95 90 86 82 79 76 74 73 72 72 73 74 76 79 82 86 90 95 100 
100 94 88 83 78 75 72 69 68 67 67 68 69 72 75 78 83 88 94 100 
100 92 85 79 74 70 66 64 62 62 62 62 64 66 70 74 79 85 92 100 
100 91 82 75 69 64 60 58 56 55 55 56 58 60 64 69 75 82 91 100 
100 88 78 69 62 57 53 50 48 48 48 48 50 53 57 62 69 78 88 100 
100 85 72 62 54 49 45 42 40 39 39 40 42 45 49 54 62 72 85 100 
100 79 64 52 44 39 35 33 31 30 30 31 33 35 39 44 52 64 79 100 
100 70 51 39 32 27 24 22 21 20 20 21 22 24 27 32 39 51 70 100 
100 50 30 21 17 14 12 11 10 10 10 10 11 12 14 17 21 30 50 100 
100 0 0 0 0 0 0 0 0 0 0 0 0 0 0 0 0 0 0 0 
